@Using Triangular Membership Functions as antecedent fuzzy sets

@Number of Labels in Variable 1: 5
sepalLength:
L_0(5): (3.4263639516991544,4.326363951699155,5.226363951699155)
L_1(5): (4.422925544893889,5.32292554489389,6.222925544893889)
L_2(5): (5.146738565204453,6.0467385652044525,6.946738565204453)
L_3(5): (6.147062835419837,7.047062835419838,7.947062835419838)
L_4(5): (6.791093320596358,7.691093320596359,8.591093320596359)


@Number of Labels in Variable 2: 5
sepalWidth:
L_0(5): (1.4084828920561865,2.0084828920561866,2.6084828920561867)
L_1(5): (2.0002841521410355,2.6002841521410356,3.2002841521410357)
L_2(5): (2.4803533979013643,3.0803533979013644,3.6803533979013645)
L_3(5): (3.2724052770564516,3.8724052770564517,4.472405277056452)
L_4(5): (4.0824325303154705,4.68243253031547,5.28243253031547)


@Number of Labels in Variable 3: 5
petalLength:
L_0(5): (-0.16243285843223526,1.3125671415677649,2.7875671415677648)
L_1(5): (1.3087289722087585,2.783728972208759,4.2587289722087585)
L_2(5): (2.1600920514786135,3.6350920514786136,5.110092051478614)
L_3(5): (4.338524903545922,5.813524903545923,7.288524903545922)
L_4(5): (5.561275962447615,7.036275962447615,8.511275962447614)


@Number of Labels in Variable 4: 5
petalWidth:
L_0(5): (-0.42559364295612917,0.17440635704387086,0.7744063570438708)
L_1(5): (0.22955491284199317,0.8295549128419931,1.429554912841993)
L_2(5): (0.5694025693160543,1.1694025693160544,1.7694025693160542)
L_3(5): (1.3993749173209724,1.9993749173209723,2.5993749173209726)
L_4(5): (2.116372079123899,2.716372079123899,3.3163720791238993)
