@Using Triangular Membership Functions as antecedent fuzzy sets

@Number of Labels in Variable 1: 5
sepalLength:
L_0(5): (3.0550107072091324,3.9550107072091327,4.855010707209133)
L_1(5): (3.9606008652596763,4.860600865259676,5.760600865259676)
L_2(5): (4.962698740829502,5.862698740829502,6.762698740829502)
L_3(5): (5.70293210750829,6.60293210750829,7.502932107508291)
L_4(5): (7.130081408184886,8.030081408184886,8.930081408184886)


@Number of Labels in Variable 2: 5
sepalWidth:
L_0(5): (1.5993647608119137,2.199364760811914,2.799364760811914)
L_1(5): (1.902377888338959,2.5023778883389594,3.1023778883389594)
L_2(5): (2.5073422993394963,3.1073422993394963,3.7073422993394964)
L_3(5): (3.027391349129154,3.6273913491291543,4.227391349129154)
L_4(5): (3.6844999524003907,4.284499952400391,4.8844999524003905)


@Number of Labels in Variable 3: 5
petalLength:
L_0(5): (-0.10607880138891063,1.3689211986110894,2.8439211986110897)
L_1(5): (1.3094860745990677,2.7844860745990676,4.259486074599068)
L_2(5): (3.0531400384191563,4.528140038419156,6.003140038419157)
L_3(5): (4.012621061763004,5.487621061763004,6.962621061763004)
L_4(5): (5.792586602254093,7.2675866022540925,8.742586602254091)


@Number of Labels in Variable 4: 5
petalWidth:
L_0(5): (-0.7719130790173933,-0.17191307901739325,0.4280869209826067)
L_1(5): (0.2515484691813931,0.851548469181393,1.4515484691813931)
L_2(5): (0.7233568769655139,1.323356876965514,1.9233568769655138)
L_3(5): (1.3430435660342288,1.9430435660342287,2.5430435660342288)
L_4(5): (2.030686307718475,2.630686307718475,3.230686307718475)
