@Using Triangular Membership Functions as antecedent fuzzy sets

@Number of Labels in Variable 1: 5
sepalLength:
L_0(5): (3.5071876274846696,4.40718762748467,5.30718762748467)
L_1(5): (4.294306077865375,5.194306077865376,6.094306077865375)
L_2(5): (5.284988958777428,6.184988958777428,7.084988958777428)
L_3(5): (6.341694613776983,7.241694613776984,8.141694613776984)
L_4(5): (7.139156806388486,8.039156806388487,8.939156806388487)


@Number of Labels in Variable 2: 5
sepalWidth:
L_0(5): (1.3032430407074507,1.9032430407074508,2.503243040707451)
L_1(5): (1.7387464789456684,2.3387464789456684,2.9387464789456685)
L_2(5): (2.6797740699645796,3.2797740699645797,3.8797740699645797)
L_3(5): (3.057864313707831,3.6578643137078313,4.257864313707831)
L_4(5): (3.6857641928913076,4.285764192891308,4.885764192891307)


@Number of Labels in Variable 3: 5
petalLength:
L_0(5): (-0.4411755226130665,1.0338244773869336,2.5088244773869337)
L_1(5): (1.3481304129533616,2.8231304129533616,4.298130412953362)
L_2(5): (2.069404257929895,3.544404257929895,5.019404257929896)
L_3(5): (4.243574949424915,5.718574949424916,7.1935749494249155)
L_4(5): (4.954660685993875,6.429660685993874,7.904660685993874)


@Number of Labels in Variable 4: 5
petalWidth:
L_0(5): (-0.6204175379530569,-0.020417537953056897,0.5795824620469431)
L_1(5): (0.2609478358865691,0.860947835886569,1.460947835886569)
L_2(5): (0.5898421615802456,1.1898421615802457,1.7898421615802456)
L_3(5): (1.1406147599433503,1.7406147599433501,2.3406147599433504)
L_4(5): (2.0532512163758447,2.653251216375845,3.253251216375845)
