@Using Triangular Membership Functions as antecedent fuzzy sets

@Number of Labels in Variable 1: 5
sepalLength:
L_0(5): (3.633709301759215,4.533709301759216,5.433709301759216)
L_1(5): (4.561901369452051,5.461901369452051,6.361901369452051)
L_2(5): (5.448389246578583,6.3483892465785825,7.248389246578583)
L_3(5): (6.285665704539788,7.1856657045397885,8.085665704539789)
L_4(5): (7.221299070465463,8.121299070465463,9.021299070465464)


@Number of Labels in Variable 2: 5
sepalWidth:
L_0(5): (1.2334185746434811,1.8334185746434812,2.4334185746434813)
L_1(5): (1.8110637347980711,2.4110637347980712,3.0110637347980713)
L_2(5): (2.5716516612180107,3.171651661218011,3.771651661218011)
L_3(5): (3.143081753870437,3.7430817538704373,4.343081753870437)
L_4(5): (3.661624996867351,4.261624996867351,4.86162499686735)


@Number of Labels in Variable 3: 5
petalLength:
L_0(5): (-0.8552508942496172,0.6197491057503829,2.094749105750383)
L_1(5): (0.9966906924049461,2.4716906924049464,3.9466906924049465)
L_2(5): (3.037314919529955,4.512314919529955,5.987314919529956)
L_3(5): (4.022829083209945,5.497829083209946,6.9728290832099455)
L_4(5): (5.552555519865581,7.02755551986558,8.50255551986558)


@Number of Labels in Variable 4: 5
petalWidth:
L_0(5): (-0.7623695825786398,-0.16236958257863984,0.4376304174213601)
L_1(5): (0.16354559208762784,0.7635455920876277,1.3635455920876278)
L_2(5): (0.6743299490358545,1.2743299490358546,1.8743299490358545)
L_3(5): (1.277602311668976,1.877602311668976,2.477602311668976)
L_4(5): (1.9582356329918245,2.5582356329918245,3.1582356329918246)
