@Using Triangular Membership Functions as antecedent fuzzy sets

@Number of Labels in Variable 1: 5
sepalLength:
L_0(5): (3.438583176643362,4.338583176643363,5.238583176643363)
L_1(5): (4.385126099399065,5.285126099399065,6.185126099399064)
L_2(5): (5.354665426160132,6.254665426160131,7.154665426160132)
L_3(5): (6.119842874222215,7.019842874222215,7.919842874222216)
L_4(5): (7.296385533141102,8.196385533141102,9.096385533141103)


@Number of Labels in Variable 2: 5
sepalWidth:
L_0(5): (1.3903459236536653,1.9903459236536654,2.5903459236536652)
L_1(5): (1.8194917000524302,2.4194917000524305,3.0194917000524306)
L_2(5): (2.494858898889717,3.0948588988897177,3.6948588988897173)
L_3(5): (2.9904593192427105,3.5904593192427106,4.190459319242711)
L_4(5): (3.7302737812965243,4.330273781296524,4.930273781296524)


@Number of Labels in Variable 3: 5
petalLength:
L_0(5): (-0.6937352450295107,0.7812647549704894,2.2562647549704895)
L_1(5): (1.0875183591911337,2.5625183591911336,4.037518359191134)
L_2(5): (2.7182867285943915,4.1932867285943916,5.668286728594392)
L_3(5): (3.5166893346985297,4.99168933469853,6.46668933469853)
L_4(5): (5.679194817886381,7.15419481788638,8.62919481788638)


@Number of Labels in Variable 4: 5
petalWidth:
L_0(5): (-0.46507701536884805,0.134922984631152,0.7349229846311519)
L_1(5): (0.33545066349661223,0.9354506634966122,1.5354506634966123)
L_2(5): (0.9795661939860053,1.5795661939860053,2.1795661939860054)
L_3(5): (1.504281686835093,2.104281686835093,2.704281686835093)
L_4(5): (2.1897154057199253,2.7897154057199254,3.3897154057199255)
