@Using Triangular Membership Functions as antecedent fuzzy sets

@Number of Labels in Variable 1: 5
sepalLength:
L_0(5): (3.552108395196763,4.452108395196763,5.352108395196764)
L_1(5): (4.432427926205407,5.3324279262054075,6.232427926205407)
L_2(5): (5.191347986392295,6.091347986392295,6.991347986392295)
L_3(5): (6.060879543297025,6.960879543297025,7.860879543297026)
L_4(5): (6.789390432402465,7.689390432402465,8.589390432402466)


@Number of Labels in Variable 2: 5
sepalWidth:
L_0(5): (1.5387518633987027,2.138751863398703,2.738751863398703)
L_1(5): (1.9141121802113763,2.5141121802113764,3.1141121802113765)
L_2(5): (2.406304919304128,3.006304919304128,3.606304919304128)
L_3(5): (3.2999253576361443,3.8999253576361443,4.499925357636145)
L_4(5): (3.8466893801069664,4.4466893801069665,5.046689380106966)


@Number of Labels in Variable 3: 5
petalLength:
L_0(5): (-0.08852523434721277,1.3864747656527874,2.8614747656527872)
L_1(5): (1.5416381508049488,3.016638150804949,4.491638150804949)
L_2(5): (2.0120815762619597,3.48708157626196,4.96208157626196)
L_3(5): (4.337887220678489,5.81288722067849,7.287887220678489)
L_4(5): (5.180450510413362,6.655450510413361,8.130450510413361)


@Number of Labels in Variable 4: 5
petalWidth:
L_0(5): (-0.6683823190221062,-0.0683823190221062,0.5316176809778937)
L_1(5): (0.08546298472649433,0.6854629847264943,1.2854629847264945)
L_2(5): (0.5674176366086362,1.1674176366086364,1.7674176366086363)
L_3(5): (1.5961198683905096,2.1961198683905097,2.7961198683905097)
L_4(5): (1.7620266999087386,2.3620266999087387,2.962026699908739)
