@Using Triangular Membership Functions as antecedent fuzzy sets

@Number of Labels in Variable 1: 5
sepalLength:
L_0(5): (3.001253880035813,3.901253880035813,4.801253880035813)
L_1(5): (4.159969240760729,5.059969240760729,5.959969240760729)
L_2(5): (5.586474391117063,6.4864743911170635,7.386474391117064)
L_3(5): (6.179854805843049,7.079854805843049,7.97985480584305)
L_4(5): (7.1924443247522225,8.092444324752222,8.992444324752222)


@Number of Labels in Variable 2: 5
sepalWidth:
L_0(5): (1.6505764472671014,2.2505764472671013,2.8505764472671014)
L_1(5): (1.8484254222562309,2.4484254222562307,3.048425422256231)
L_2(5): (2.7011419465183746,3.3011419465183747,3.9011419465183748)
L_3(5): (3.385968047403383,3.985968047403383,4.585968047403383)
L_4(5): (3.639198685474029,4.23919868547403,4.839198685474029)


@Number of Labels in Variable 3: 5
petalLength:
L_0(5): (-0.48097413904507497,0.9940258609549252,2.4690258609549254)
L_1(5): (0.8150816530558446,2.2900816530558448,3.765081653055845)
L_2(5): (2.1678159913049746,3.6428159913049747,5.117815991304975)
L_3(5): (4.361260612480385,5.836260612480386,7.311260612480385)
L_4(5): (4.9008169368197505,6.37581693681975,7.85081693681975)


@Number of Labels in Variable 4: 5
petalWidth:
L_0(5): (-0.7658757242993547,-0.16587572429935468,0.43412427570064527)
L_1(5): (0.13508189138133542,0.7350818913813354,1.3350818913813354)
L_2(5): (0.9368093807747947,1.5368093807747947,2.1368093807747948)
L_3(5): (1.3566729276625142,1.956672927662514,2.556672927662514)
L_4(5): (2.0122079639598214,2.6122079639598215,3.2122079639598216)
